200 0.027400 0.000000500 1712
200 0.028676 0.000000500 1712
400 0.133186 0.000000501 2902
400 0.133640 0.000000501 2902
600 0.436128 0.000000502 4503
600 0.437283 0.000000502 4503
800 0.853730 0.000000500 5616
800 0.841013 0.000000500 5616
1000 1.166372 0.000000501 7072
1000 1.365185 0.000000501 7072
1200 1.704936 0.000000501 7882
1200 1.808900 0.000000501 7882
1400 2.797294 0.000000501 9049
1400 3.462336 0.000000501 9049
1600 3.636943 0.000000619 10000
1600 3.740194 0.000000619 10000
1800 4.535004 0.000000950 10000
1800 4.587508 0.000000950 10000
2000 5.518985 0.000001549 10000
2000 5.580117 0.000001549 10000
