200 0.208882 0.000000499 1711
200 0.044247 0.000000499 1711
200 0.044377 0.000000499 1711
200 0.041308 0.000000499 1711
400 0.073427 0.000000499 2901
400 0.061806 0.000000499 2901
400 0.067097 0.000000499 2901
400 0.069537 0.000000499 2901
600 0.102881 0.000000499 4501
600 0.101092 0.000000499 4501
600 0.091888 0.000000499 4501
600 0.099533 0.000000499 4501
800 0.175438 0.000000500 5609
800 0.174000 0.000000500 5609
800 0.174187 0.000000500 5609
800 0.178302 0.000000500 5609
1000 0.273851 0.000000500 7071
1000 0.271576 0.000000500 7071
1000 0.265120 0.000000500 7071
1000 0.271008 0.000000500 7071
1200 0.378030 0.000000500 7880
1200 0.365425 0.000000500 7880
1200 0.361666 0.000000500 7880
1200 0.360807 0.000000500 7880
1400 0.562454 0.000000500 9059
1400 0.552595 0.000000500 9059
1400 0.556782 0.000000500 9059
1400 0.552740 0.000000500 9059
1600 0.627271 0.000000618 10000
1600 0.637679 0.000000618 10000
1600 0.630942 0.000000618 10000
1600 0.625230 0.000000618 10000
1800 0.814764 0.000000950 10000
1800 0.830530 0.000000950 10000
1800 0.816521 0.000000950 10000
1800 0.803535 0.000000950 10000
2000 0.965887 0.000001547 10000
2000 0.959758 0.000001547 10000
2000 0.966412 0.000001547 10000
2000 0.968666 0.000001547 10000
