200 0.040339 0.000000499 1711
200 0.045833 0.000000499 1711
400 0.091187 0.000000500 2901
400 0.092762 0.000000500 2901
600 0.171438 0.000000500 4501
600 0.178440 0.000000500 4501
800 0.420004 0.000000500 5610
800 0.418898 0.000000500 5610
1000 0.727238 0.000000500 7071
1000 0.680012 0.000000500 7071
1200 1.306842 0.000000500 7880
1200 1.331204 0.000000500 7880
1400 1.588469 0.000000500 9062
1400 1.605892 0.000000500 9062
1600 2.704016 0.000000618 10000
1600 2.690308 0.000000618 10000
1800 3.341947 0.000000950 10000
1800 3.419775 0.000000950 10000
2000 3.061496 0.000001547 10000
2000 3.110806 0.000001547 10000
