             1048576                 1024       1024   0.000033
             1048576                 4096        256   0.000032
             1048576                16384         64   0.000033
             1048576                65536         16   0.000095
             1048576               262144          4   0.000370
             1048576              1048576          1   0.001442
            16777216                16384       1024   0.000553
            16777216                65536        256   0.000550
            16777216               262144         64   0.000553
            16777216              1048576         16   0.001478
            16777216              4194304          4   0.005898
            16777216             16777216          1   0.023022
            67108864                65536       1024   0.002210
            67108864               262144        256   0.002214
            67108864              1048576         64   0.002217
            67108864              4194304         16   0.005900
            67108864             16777216          4   0.023576
            67108864             67108864          1   0.092079
           268435456               262144       1024   0.008847
           268435456              1048576        256   0.008864
           268435456              4194304         64   0.008852
           268435456             16777216         16   0.021718
           268435456             67108864          4   0.081736
           268435456            268435456          1   0.318430
          1073741824              1048576       1024   0.035442
          1073741824              4194304        256   0.035514
          1073741824             16777216         64   0.035490
          1073741824             67108864         16   0.082418
          1073741824            268435456          4   0.327490
          1073741824           1073741824          1   1.280170
