16-core di pods kubernetes
128 0.007190 0.000000
128 0.004696 0.000000
128 0.006165 0.000000
256 0.020011 0.000000
256 0.034814 0.000000
256 0.034085 0.000000
512 0.230118 0.000000
512 0.304548 0.000000
512 0.299928 0.000000
1024 1.641894 0.000000
1024 1.679506 0.000000
1024 1.776989 0.000000
1024 1.883739 0.000000
2048 16.152114 0.000000
2048 14.467230 0.000000
2048 16.263079 0.000000
4096 248.490526 0.000000

32-core di multicore fasilkom
128 0.002170 0.000000
128 0.002137 0.000000
128 0.001766 0.000000
256 0.007524 0.000000
256 0.007750 0.000000
256 0.007416 0.000000
512 0.032123 0.000000
512 0.035009 0.000000
512 0.034535 0.000000
1024 0.270753 0.000000
1024 0.296843 0.000000
1024 0.311823 0.000000
2048 4.022420 0.000000
2048 4.305114 0.000000
2048 4.177194 0.000000
4096 85.461512 0.000000
