100 0.161919 0.000000
100 0.000498 0.000000
100 0.000491 0.000000
100 0.000507 0.000000
200 0.000540 0.000000
200 0.000538 0.000000
200 0.000560 0.000000
200 0.000537 0.000000
300 0.000643 0.000000
300 0.000634 0.000000
300 0.000653 0.000000
300 0.000636 0.000000
400 0.000816 0.000000
400 0.000846 0.000000
400 0.000805 0.000000
400 0.000803 0.000000
500 0.001003 0.000000
500 0.000988 0.000000
500 0.000983 0.000000
500 0.000991 0.000000
600 0.001659 0.000000
600 0.001133 0.000000
600 0.001115 0.000000
600 0.001124 0.000000
700 0.001668 0.000000
700 0.001346 0.000000
700 0.001287 0.000000
700 0.001297 0.000000
800 0.002676 0.000000
800 0.001732 0.000000
800 0.001758 0.000000
800 0.001733 0.000000
900 0.002768 0.000000
900 0.002050 0.000000
900 0.002081 0.000000
900 0.002173 0.000000
1000 0.003095 0.000000
1000 0.002307 0.000000
1000 0.002270 0.000000
1000 0.002301 0.000000
2000 0.013875 0.000000
2000 0.014194 0.000000
2000 0.014107 0.000000
2000 0.014209 0.000000
3000 0.032334 0.000000
3000 0.032189 0.000000
3000 0.032215 0.000000
3000 0.032194 0.000000
4000 0.061714 0.000000
4000 0.060856 0.000000
4000 0.060619 0.000000
4000 0.061376 0.000000
5000 0.105559 0.000000
5000 0.104206 0.000000
5000 0.105017 0.000000
5000 0.105195 0.000000
6000 0.187052 0.000000
6000 0.184574 0.000000
6000 0.186460 0.000000
6000 0.185538 0.000000
7000 0.278157 0.000000
7000 0.281151 0.000000
7000 0.278541 0.000000
7000 0.279566 0.000000
8000 0.385122 0.000000
8000 0.384639 0.000000
8000 0.384892 0.000000
8000 0.384178 0.000000
9000 0.392399 0.000000
9000 0.397788 0.000000
9000 0.391786 0.000000
9000 0.395845 0.000000
10000 0.513893 0.000000
10000 0.517386 0.000000
10000 0.508964 0.000000
10000 0.513017 0.000000
