100 0.001418 0.000000
100 0.001339 0.000000
100 0.001791 0.000000
200 0.006971 0.000000
200 0.005448 0.000000
200 0.006874 0.000000
300 0.011479 0.000000
300 0.017916 0.000000
300 0.014820 0.000000
400 0.020035 0.000000
400 0.032576 0.000000
400 0.018754 0.000000
500 0.051352 0.000000
500 0.050475 0.000000
500 0.051461 0.000000
600 0.085264 0.000000
600 0.084829 0.000000
600 0.084723 0.000000
700 0.133687 0.000000
700 0.137741 0.000000
700 0.133428 0.000000
800 0.119169 0.000000
800 0.117670 0.000000
800 0.119560 0.000000
900 0.182039 0.000000
900 0.179003 0.000000
900 0.182263 0.000000
1000 0.266353 0.000000
1000 0.240719 0.000000
1000 0.256631 0.000000
2000 1.808956 0.000000
2000 2.107210 0.000000
2000 1.807326 0.000000
3000 8.256611 0.000000
3000 8.135020 0.000000
3000 8.291765 0.000000
4000 19.813155 0.000000
4000 19.674656 0.000000
4000 23.303166 0.000000
5000 35.533341 0.000000
5000 35.008828 0.000000
5000 41.630003 0.000000
6000 61.380270 0.000000
6000 64.545766 0.000000
6000 66.176468 0.000000
