128 (4,4) (32,32) 0.001016 0.000000
128 (4,4) (32,32) 0.000619 0.000000
256 (8,8) (32,32) 0.000876 0.000000
256 (8,8) (32,32) 0.001034 0.000000
512 (16,16) (32,32) 0.002377 0.000000
512 (16,16) (32,32) 0.002290 0.000000
1024 (32,32) (32,32) 0.008851 0.000000
1024 (32,32) (32,32) 0.008850 0.000000
2048 (64,64) (32,32) 0.052621 0.000000
2048 (64,64) (32,32) 0.052364 0.000000
4096 (128,128) (32,32) 0.490120 0.000000
4096 (128,128) (32,32) 0.482351 0.000000
8192 (256,256) (32,32) 7.442412 0.000000
8192 (256,256) (32,32) 7.434036 0.000000
16384 (512,512) (32,32) 75.776602 0.000000
16384 (512,512) (32,32) 76.368602 0.000000
